 1 3 3 2 20 2 20 
 2 4 4 4 9 3 9 
 3 3 3 3 8 2 12 
 4 4 3 2 19 3 10 
 5 4 4 4 14 3 16 
 6 3 3 3 17 4 8 
 7 3 4 4 14 4 10 
 8 4 4 4 12 4 19 
 9 4 3 4 18 4 11 
 10 4 3 4 5 3 10 
 11 4 4 4 7 2 19 
 12 4 4 2 11 3 14 
 13 2 2 2 8 2 14 
 14 2 2 2 17 2 10 
 15 4 4 2 9 3 15 
 16 4 4 2 7 4 13 
 17 2 3 3 9 3 9 
 18 2 3 2 14 3 20 
 19 4 3 3 17 3 13 
 20 3 4 4 5 4 8 
 21 4 4 3 10 2 14 
 22 2 3 3 8 3 20 
 23 4 4 4 16 2 15 
 24 4 3 2 13 2 9 
 25 4 4 2 12 3 15 
 26 4 3 3 18 4 8 
 27 4 4 3 19 4 15 
 28 3 4 3 20 3 14 
 29 2 4 4 16 4 17 
 30 3 3 3 9 3 7 
